fv_relative_mean:-0.06134997192828449
fv_absolute_mean:-2.03202004069623
fu_relative_mean:-0.03506327356335748
fu_absolute_mean:-0.12854123186785785

theta_absolute_error:0.1251100602094531
