fv_relative_mean:-0.056102701130122744
fv_absolute_mean:-1.1177300731222464
fu_relative_mean:-0.023594117941208154
fu_absolute_mean:-0.9305504825661594

theta_absolute_error:-0.3332110043370804
theta_relative_error:0.06664220086741608
