fv_relative_mean:0.152082613641068
fv_absolute_mean:2.6189210232327125
fu_relative_mean:-0.0216353595742388
fu_absolute_mean:-5.9352738205009015

theta_absolute_error:-3.142036623149507
