fv_relative_mean:-0.05269327131724563
fv_absolute_mean:-0.8406968761920077
fu_relative_mean:-0.016674385284228325
fu_absolute_mean:-0.7139742448566193

theta_absolute_error:-0.20080132963088637
theta_relative_error:0.040160265926177274
