fv_relative_mean:0.019701885360154277
fv_absolute_mean:3.214439495119757
fu_relative_mean:-0.0005936306597542708
fu_absolute_mean:-4.203845573276547

theta_absolute_error:-3.3162893239264513
theta_relative_error:0.6632578647852903
