fv_relative_mean:-0.053513315428103087
fv_absolute_mean:-0.7729692916824866
fu_relative_mean:-0.008845049608977916
fu_absolute_mean:-0.06116852267866263

theta_absolute_error:0.1561697241795693
