fv_relative_mean:-0.06312595029014019
fv_absolute_mean:-2.0460304625862804
fu_relative_mean:-0.034748647918299576
fu_absolute_mean:-0.0792398607774747

theta_absolute_error:0.0493672828552322
