fv_relative_mean:-0.050909051306462706
fv_absolute_mean:-1.951372668874847
fu_relative_mean:-0.031304836727944305
fu_absolute_mean:-1.6027654105980516

theta_absolute_error:-0.5234198564675507
theta_relative_error:0.10468397129351015
