fv_relative_mean:-0.05902697339021523
fv_absolute_mean:-1.9936675107310764
fu_relative_mean:-0.034549176213488964
fu_absolute_mean:-1.6125509707703223

theta_absolute_error:-0.5595663451068988
theta_relative_error:0.11191326902137977
