fv_diff_mean:-0.32572029820048787
fv_error_mean:-0.022549890722047466
fu_diff_mean:-0.32572029820048787
fu_error_mean:-0.022549890722047466
