fv_relative_mean:-0.05741633427200495
fv_absolute_mean:-1.052580308193078
fu_relative_mean:-0.018338807480912395
fu_absolute_mean:-0.06396035889893434

theta_absolute_error:0.10810087700072607
